
pascal:
[3.1323085376118893, 3.1133498412208485, 3.1860976949785167, 3.1241227284025075, 3.2103643483169124]
[10.126553440665386, 12.10040937514291, 12.807047664350941, 12.921911956320205, 12.74351889174211]


[2.300508737002327, 3.0597107883919072, 3.1564252223877434, 3.997025020148953, 3.82895963006353]
[8.495876343573094, 9.049241388974165, 8.841101488692, 8.926834117871124, 8.266556766724491]


[2.150215651688256, 2.47712896780324, 3.5879311286915727, 5.046571078004584, 6.568110022700672]
[7.000297553526301, 7.364456584927987, 8.08056127042167, 5.874925548386138, 3.495396242440772]


[6.37619019401627, 12.496823371536326]
[3.1894634504493924, 0.0]

Sieve:
[3.0685959109854455, 3.656012477094084, 3.938477538800771, 4.25474479685977, 4.465072315772452]
[3.2791428129994427, 4.022143740605524, 4.353312421750864, 4.559038500829656, 4.688105062569421]

[5.110948757131364, 6.026917913207684, 5.99831256696373, 6.018768926068515, 6.077929664425036]
[0.9128312966672497, 1.1570713778658492, 1.3982152998006387, 1.5412465503436485, 1.598522692511456]

[5.310519020161479, 6.382078059793385, 6.502681055235583, 7.518582513794646, 8.624489423151255]
[0.786915693338942, 0.8911052566816813, 1.0849290085024712, 1.1096113812624475, 1.04435523076626]

[11.017996734896471, 14.439829881050674, 15.294024954265039]
[1.3687644371249126, 1.3113893203039202, 0.0]
