
pascal:
[3.1323085376118893, 3.1133498412208485, 3.1860976949785167, 3.1241227284025075, 3.2103643483169124]
[10.126553440665386, 12.10040937514291, 12.807047664350941, 12.921911956320205, 12.74351889174211]


[2.300508737002327, 3.0597107883919072, 3.1564252223877434, 3.997025020148953, 3.82895963006353]
[8.495876343573094, 9.049241388974165, 8.841101488692, 8.926834117871124, 8.266556766724491]


[2.150215651688256, 2.47712896780324, 3.5879311286915727, 5.046571078004584, 6.568110022700672]
[7.000297553526301, 7.364456584927987, 8.08056127042167, 5.874925548386138, 3.495396242440772]


[6.37619019401627, 12.496823371536326]
[3.1894634504493924, 0.0]